tool_mass: 1.75
initial_joint_states: [2.6559, -1.85396, -2.03763, -2.38718, -2.84058, -3.13698]
initial_robot_ee_position: [-0.6649675947900577, 0.2054059150102794, 0.25997552421325143, -0.7298511759689527, -1.7577922996928013, 1.760382318187891]
bigger_pulley_bearing_position: [-0.739757210413974, 0.07993900394775277, 0.2449995438351456, -0.7217029684216122, -1.7591780460014375, 1.7685571865188172]
task_initial_position: [-0.13, 0, -0.025, 0,0,0] # in relative to bigger pulley bearing's frame.

#force controller gain
f_x_kp : 0.0003
f_x_ki : 0
f_x_kd : 0

f_y_kp : 0
f_y_ki : 0
f_y_kd : 0

f_z_kp : 0
f_z_ki : 0
f_z_kd : 0

f_eaa_x_kp : 0
f_eaa_x_ki : 0
f_eaa_x_kd : 0

f_eaa_y_kp : 0
f_eaa_y_ki : 0
f_eaa_y_kd : 0

f_eaa_z_kp : 0
f_eaa_z_ki : 0
f_eaa_z_kd : 0

#position controller gain
p_x_kp : 0.225
p_x_ki : 0
p_x_kd : 0

p_y_kp : 0
p_y_ki : 0
p_y_kd : 0

p_z_kp : 0
p_z_ki : 0
p_z_kd : 0

p_eaa_x_kp : 0
p_eaa_x_ki : 0
p_eaa_x_kd : 0

p_eaa_y_kp : 0
p_eaa_y_ki : 0
p_eaa_y_kd : 0

p_eaa_z_kp : 0
p_eaa_z_ki : 0
p_eaa_z_kd : 0


