
initial_robot_ee_position: [-0.6649675947900577, 0.2054059150102794, 0.25997552421325143, -0.7298511759689527, -1.7577922996928013, 1.760382318187891]

bigger_pulley_bearing_position: [-0.739757210413974, 0.07993900394775277, 0.2449995438351456, -0.7217029684216122, -1.7591780460014375, 1.7685571865188172]

task_initial_position: [-0.13, 0, -0.025, 0,0,0] # in relative to bigger pulley bearing's frame.
